ISCAS/iscas89/s27.bench = 0.039397 [s] LINES:30 NAND:1 AND:1 OR:2 NOR:4 NOT:2 BUFF:0 INPUT:7 OUTPUT:4 KB:5 PATHS:28 COVERAGE:87.50% Dropping:NO Thr:1

ISCAS/iscas89/s386.bench = 19.309 [s] LINES:399 NAND:0 AND:83 OR:35 NOR:0 NOT:41 BUFF:0 INPUT:13 OUTPUT:13 KB:77 PATHS:207 COVERAGE:25.99% Dropping:NO Thr:1

ISCAS/iscas89/s510.bench = 29.0381 [s] LINES:523 NAND:61 AND:34 OR:29 NOR:55 NOT:32 BUFF:0 INPUT:25 OUTPUT:13 KB:100 PATHS:369 COVERAGE:88.96% Dropping:NO Thr:1

ISCAS/iscas89/s641.bench = 12.1184 [s] LINES:679 NAND:4 AND:90 OR:13 NOR:0 NOT:272 BUFF:0 INPUT:54 OUTPUT:42 KB:130 PATHS:1722 COVERAGE:62.21% Dropping:NO Thr:1

ISCAS/iscas89/s838.1.bench = 119.061 [s] LINES:971 NAND:57 AND:105 OR:56 NOR:70 NOT:158 BUFF:0 INPUT:66 OUTPUT:33 KB:186 PATHS:1714 COVERAGE:32.52% Dropping:NO Thr:1

ISCAS/iscas89/s298.bench = 4.39629 [s] LINES:318 NAND:9 AND:31 OR:16 NOR:19 NOT:44 BUFF:0 INPUT:17 OUTPUT:20 KB:61 PATHS:231 COVERAGE:74.02% Dropping:NO Thr:1

ISCAS/iscas89/s382.bench = 7.73152 [s] LINES:409 NAND:30 AND:11 OR:24 NOR:34 NOT:59 BUFF:0 INPUT:24 OUTPUT:27 KB:78 PATHS:400 COVERAGE:72.77% Dropping:NO Thr:1

ISCAS/iscas89/s400.bench = 8.23622 [s] LINES:427 NAND:36 AND:11 OR:25 NOR:34 NOT:56 BUFF:0 INPUT:24 OUTPUT:27 KB:82 PATHS:448 COVERAGE:66.60% Dropping:NO Thr:1

ISCAS/iscas89/s526.bench = 31.4806 [s] LINES:553 NAND:22 AND:56 OR:28 NOR:35 NOT:52 BUFF:0 INPUT:24 OUTPUT:27 KB:106 PATHS:410 COVERAGE:57.81% Dropping:NO Thr:1

ISCAS/iscas89/s526.bench = 30.7058 [s] LINES:553 NAND:22 AND:56 OR:28 NOR:35 NOT:52 BUFF:0 INPUT:24 OUTPUT:27 KB:106 PATHS:410 COVERAGE:64.11% Dropping:NO Thr:1

ISCAS/iscas89/s713.bench = 17.0074 [s] LINES:755 NAND:28 AND:94 OR:17 NOR:0 NOT:254 BUFF:0 INPUT:54 OUTPUT:42 KB:145 PATHS:21812 COVERAGE:61.72% Dropping:NO Thr:1

ISCAS/iscas89/s344.bench = 2.49331 [s] LINES:343 NAND:18 AND:44 OR:9 NOR:30 NOT:59 BUFF:0 INPUT:24 OUTPUT:17 KB:65 PATHS:344 COVERAGE:70.18% Dropping:NO Thr:1

ISCAS/iscas89/s344.1.bench = 2.48867 [s] LINES:343 NAND:18 AND:44 OR:9 NOR:30 NOT:59 BUFF:0 INPUT:24 OUTPUT:17 KB:65 PATHS:344 COVERAGE:70.18% Dropping:NO Thr:1

ISCAS/iscas89/s420.1.bench = 16.4326 [s] LINES:475 NAND:29 AND:49 OR:28 NOR:34 NOT:78 BUFF:0 INPUT:34 OUTPUT:17 KB:91 PATHS:474 COVERAGE:41.67% Dropping:NO Thr:1

ISCAS/iscas89/s820.bench = 140.598 [s] LINES:844 NAND:54 AND:76 OR:60 NOR:66 NOT:33 BUFF:0 INPUT:23 OUTPUT:24 KB:163 PATHS:492 COVERAGE:42.18% Dropping:NO Thr:1

ISCAS/iscas89/s953.bench = 145.275 [s] LINES:1005 NAND:114 AND:49 OR:36 NOR:112 NOT:84 BUFF:0 INPUT:45 OUTPUT:52 KB:193 PATHS:1156 COVERAGE:57.80% Dropping:NO Thr:1

ISCAS/iscas89/s208.1.bench = 2.91282 [s] LINES:227 NAND:15 AND:21 OR:14 NOR:16 NOT:38 BUFF:0 INPUT:18 OUTPUT:9 KB:43 PATHS:142 COVERAGE:58.33% Dropping:NO Thr:1

ISCAS/iscas89/s349.bench = 2.62079 [s] LINES:348 NAND:19 AND:44 OR:10 NOR:31 NOT:57 BUFF:0 INPUT:24 OUTPUT:17 KB:66 PATHS:354 COVERAGE:72.35% Dropping:NO Thr:1

ISCAS/iscas89/s444.bench = 9.9534 [s] LINES:471 NAND:58 AND:13 OR:14 NOR:34 NOT:62 BUFF:0 INPUT:24 OUTPUT:27 KB:90 PATHS:535 COVERAGE:68.44% Dropping:NO Thr:1

